          16
       32304  2          659         660  4
       32384  2          660         661  4
       32464  2          661         662  4
       32544  2          662         663  4
       18224  2          485         486  2
       18304  2          486         487  2
       18384  2          487         488  2
       18464  2          488         489  2
       25264  2          572         573  1
       25344  2          573         574  1
       25424  2          574         575  1
       25504  2          575         576  1
       11184  2          398         399  3
       11264  2          399         400  3
       11344  2          400         401  3
       11424  2          401         402  3
