         264
       10304           2
       10384           2
       10463           2
       10464           2
       10543           2
       10544           2
       10623           2
       10624           2
       10702           2
       10703           2
       10704           2
       10782           2
       10783           2
       10784           2
       10862           2
       10863           2
       10864           2
       10942           2
       10943           2
       10944           2
       11022           2
       11023           2
       11024           2
       11102           2
       11103           2
       11104           2
       11182           2
       11183           2
       11184           2
       11261           2
       11262           2
       11263           2
       11264           2
       11341           2
       11342           2
       11343           2
       11344           2
       11422           2
       11423           2
       11424           2
       11502           2
       11503           2
       11504           2
       11582           2
       11583           2
       11584           2
       11662           2
       11663           2
       11664           2
       11742           2
       11743           2
       11744           2
       11822           2
       11823           2
       11824           2
       11902           2
       11903           2
       11904           2
       11983           2
       11984           2
       12063           2
       12064           2
       12143           2
       12144           2
       12224           2
       12304           2
       17344           1
       17424           1
       17503           1
       17504           1
       17583           1
       17584           1
       17663           1
       17664           1
       17742           1
       17743           1
       17744           1
       17822           1
       17823           1
       17824           1
       17902           1
       17903           1
       17904           1
       17982           1
       17983           1
       17984           1
       18062           1
       18063           1
       18064           1
       18142           1
       18143           1
       18144           1
       18222           1
       18223           1
       18224           1
       18301           1
       18302           1
       18303           1
       18304           1
       18381           1
       18382           1
       18383           1
       18384           1
       18462           1
       18463           1
       18464           1
       18542           1
       18543           1
       18544           1
       18622           1
       18623           1
       18624           1
       18702           1
       18703           1
       18704           1
       18782           1
       18783           1
       18784           1
       18862           1
       18863           1
       18864           1
       18942           1
       18943           1
       18944           1
       19023           1
       19024           1
       19103           1
       19104           1
       19183           1
       19184           1
       19264           1
       19344           1
       24384           2
       24464           2
       24543           2
       24544           2
       24623           2
       24624           2
       24703           2
       24704           2
       24782           2
       24783           2
       24784           2
       24862           2
       24863           2
       24864           2
       24942           2
       24943           2
       24944           2
       25022           2
       25023           2
       25024           2
       25102           2
       25103           2
       25104           2
       25182           2
       25183           2
       25184           2
       25262           2
       25263           2
       25264           2
       25341           2
       25342           2
       25343           2
       25344           2
       25421           2
       25422           2
       25423           2
       25424           2
       25502           2
       25503           2
       25504           2
       25582           2
       25583           2
       25584           2
       25662           2
       25663           2
       25664           2
       25742           2
       25743           2
       25744           2
       25822           2
       25823           2
       25824           2
       25902           2
       25903           2
       25904           2
       25982           2
       25983           2
       25984           2
       26063           2
       26064           2
       26143           2
       26144           2
       26223           2
       26224           2
       26304           2
       26384           2
       31424           1
       31504           1
       31583           1
       31584           1
       31663           1
       31664           1
       31743           1
       31744           1
       31822           1
       31823           1
       31824           1
       31902           1
       31903           1
       31904           1
       31982           1
       31983           1
       31984           1
       32062           1
       32063           1
       32064           1
       32142           1
       32143           1
       32144           1
       32222           1
       32223           1
       32224           1
       32302           1
       32303           1
       32304           1
       32381           1
       32382           1
       32383           1
       32384           1
       32461           1
       32462           1
       32463           1
       32464           1
       32542           1
       32543           1
       32544           1
       32622           1
       32623           1
       32624           1
       32702           1
       32703           1
       32704           1
       32782           1
       32783           1
       32784           1
       32862           1
       32863           1
       32864           1
       32942           1
       32943           1
       32944           1
       33022           1
       33023           1
       33024           1
       33103           1
       33104           1
       33183           1
       33184           1
       33263           1
       33264           1
       33344           1
       33424           1
