         352
           1  2          352           4  4
           2  2          351         352  4
           3  2          350         351  4
           4  2          349         350  4
           5  2          348         349  4
           6  2          347         348  4
           7  2          346         347  4
           8  2          345         346  4
           9  2          344         345  4
          10  2          343         344  4
          11  2          342         343  4
          12  2          341         342  4
          13  2          340         341  4
          14  2          339         340  4
          15  2          338         339  4
          16  2          337         338  4
          17  2          336         337  4
          18  2          335         336  4
          19  2          334         335  4
          20  2          333         334  4
          21  2          332         333  4
          22  2          331         332  4
          23  2          330         331  4
          24  2          329         330  4
          25  2          328         329  4
          26  2          327         328  4
          27  2          326         327  4
          28  2          325         326  4
          29  2          324         325  4
          30  2          323         324  4
          31  2          322         323  4
          32  2          321         322  4
          33  2          320         321  4
          34  2          319         320  4
          35  2          318         319  4
          36  2          317         318  4
          37  2          316         317  4
          38  2          315         316  4
          39  2          314         315  4
          40  2          313         314  4
          41  2          312         313  4
          42  2          311         312  4
          43  2          310         311  4
          44  2          309         310  4
          45  2          308         309  4
          46  2          307         308  4
          47  2          306         307  4
          48  2          305         306  4
          49  2          304         305  4
          50  2          303         304  4
          51  2          302         303  4
          52  2          301         302  4
          53  2          300         301  4
          54  2          299         300  4
          55  2          298         299  4
          56  2          297         298  4
          57  2          296         297  4
          58  2          295         296  4
          59  2          294         295  4
          60  2          293         294  4
          61  2          292         293  4
          62  2          291         292  4
          63  2          290         291  4
          64  2          289         290  4
          65  2          288         289  4
          66  2          287         288  4
          67  2          286         287  4
          68  2          285         286  4
          69  2          284         285  4
          70  2          283         284  4
          71  2          282         283  4
          72  2          281         282  4
          73  2          280         281  4
          74  2          279         280  4
          75  2          278         279  4
          76  2          277         278  4
          77  2          276         277  4
          78  2          275         276  4
          79  2          274         275  4
          80  2          273         274  4
          81  2          272         273  4
          82  2          271         272  4
          83  2          270         271  4
          84  2          269         270  4
          85  2          268         269  4
          86  2          267         268  4
          87  2          266         267  4
          88  2            1         266  4
        7657  2            3          92  2
        7658  2           92          93  2
        7659  2           93          94  2
        7660  2           94          95  2
        7661  2           95          96  2
        7662  2           96          97  2
        7663  2           97          98  2
        7664  2           98          99  2
        7665  2           99         100  2
        7666  2          100         101  2
        7667  2          101         102  2
        7668  2          102         103  2
        7669  2          103         104  2
        7670  2          104         105  2
        7671  2          105         106  2
        7672  2          106         107  2
        7673  2          107         108  2
        7674  2          108         109  2
        7675  2          109         110  2
        7676  2          110         111  2
        7677  2          111         112  2
        7678  2          112         113  2
        7679  2          113         114  2
        7680  2          114         115  2
        7681  2          115         116  2
        7682  2          116         117  2
        7683  2          117         118  2
        7684  2          118         119  2
        7685  2          119         120  2
        7686  2          120         121  2
        7687  2          121         122  2
        7688  2          122         123  2
        7689  2          123         124  2
        7690  2          124         125  2
        7691  2          125         126  2
        7692  2          126         127  2
        7693  2          127         128  2
        7694  2          128         129  2
        7695  2          129         130  2
        7696  2          130         131  2
        7697  2          131         132  2
        7698  2          132         133  2
        7699  2          133         134  2
        7700  2          134         135  2
        7701  2          135         136  2
        7702  2          136         137  2
        7703  2          137         138  2
        7704  2          138         139  2
        7705  2          139         140  2
        7706  2          140         141  2
        7707  2          141         142  2
        7708  2          142         143  2
        7709  2          143         144  2
        7710  2          144         145  2
        7711  2          145         146  2
        7712  2          146         147  2
        7713  2          147         148  2
        7714  2          148         149  2
        7715  2          149         150  2
        7716  2          150         151  2
        7717  2          151         152  2
        7718  2          152         153  2
        7719  2          153         154  2
        7720  2          154         155  2
        7721  2          155         156  2
        7722  2          156         157  2
        7723  2          157         158  2
        7724  2          158         159  2
        7725  2          159         160  2
        7726  2          160         161  2
        7727  2          161         162  2
        7728  2          162         163  2
        7729  2          163         164  2
        7730  2          164         165  2
        7731  2          165         166  2
        7732  2          166         167  2
        7733  2          167         168  2
        7734  2          168         169  2
        7735  2          169         170  2
        7736  2          170         171  2
        7737  2          171         172  2
        7738  2          172         173  2
        7739  2          173         174  2
        7740  2          174         175  2
        7741  2          175         176  2
        7742  2          176         177  2
        7743  2          177         178  2
        7744  2          178           2  2
           1  2            4         179  1
          89  2          179         180  1
         177  2          180         181  1
         265  2          181         182  1
         353  2          182         183  1
         441  2          183         184  1
         529  2          184         185  1
         617  2          185         186  1
         705  2          186         187  1
         793  2          187         188  1
         881  2          188         189  1
         969  2          189         190  1
        1057  2          190         191  1
        1145  2          191         192  1
        1233  2          192         193  1
        1321  2          193         194  1
        1409  2          194         195  1
        1497  2          195         196  1
        1585  2          196         197  1
        1673  2          197         198  1
        1761  2          198         199  1
        1849  2          199         200  1
        1937  2          200         201  1
        2025  2          201         202  1
        2113  2          202         203  1
        2201  2          203         204  1
        2289  2          204         205  1
        2377  2          205         206  1
        2465  2          206         207  1
        2553  2          207         208  1
        2641  2          208         209  1
        2729  2          209         210  1
        2817  2          210         211  1
        2905  2          211         212  1
        2993  2          212         213  1
        3081  2          213         214  1
        3169  2          214         215  1
        3257  2          215         216  1
        3345  2          216         217  1
        3433  2          217         218  1
        3521  2          218         219  1
        3609  2          219         220  1
        3697  2          220         221  1
        3785  2          221         222  1
        3873  2          222         223  1
        3961  2          223         224  1
        4049  2          224         225  1
        4137  2          225         226  1
        4225  2          226         227  1
        4313  2          227         228  1
        4401  2          228         229  1
        4489  2          229         230  1
        4577  2          230         231  1
        4665  2          231         232  1
        4753  2          232         233  1
        4841  2          233         234  1
        4929  2          234         235  1
        5017  2          235         236  1
        5105  2          236         237  1
        5193  2          237         238  1
        5281  2          238         239  1
        5369  2          239         240  1
        5457  2          240         241  1
        5545  2          241         242  1
        5633  2          242         243  1
        5721  2          243         244  1
        5809  2          244         245  1
        5897  2          245         246  1
        5985  2          246         247  1
        6073  2          247         248  1
        6161  2          248         249  1
        6249  2          249         250  1
        6337  2          250         251  1
        6425  2          251         252  1
        6513  2          252         253  1
        6601  2          253         254  1
        6689  2          254         255  1
        6777  2          255         256  1
        6865  2          256         257  1
        6953  2          257         258  1
        7041  2          258         259  1
        7129  2          259         260  1
        7217  2          260         261  1
        7305  2          261         262  1
        7393  2          262         263  1
        7481  2          263         264  1
        7569  2          264         265  1
        7657  2          265           3  1
          88  2           91           1  3
         176  2           90          91  3
         264  2           89          90  3
         352  2           88          89  3
         440  2           87          88  3
         528  2           86          87  3
         616  2           85          86  3
         704  2           84          85  3
         792  2           83          84  3
         880  2           82          83  3
         968  2           81          82  3
        1056  2           80          81  3
        1144  2           79          80  3
        1232  2           78          79  3
        1320  2           77          78  3
        1408  2           76          77  3
        1496  2           75          76  3
        1584  2           74          75  3
        1672  2           73          74  3
        1760  2           72          73  3
        1848  2           71          72  3
        1936  2           70          71  3
        2024  2           69          70  3
        2112  2           68          69  3
        2200  2           67          68  3
        2288  2           66          67  3
        2376  2           65          66  3
        2464  2           64          65  3
        2552  2           63          64  3
        2640  2           62          63  3
        2728  2           61          62  3
        2816  2           60          61  3
        2904  2           59          60  3
        2992  2           58          59  3
        3080  2           57          58  3
        3168  2           56          57  3
        3256  2           55          56  3
        3344  2           54          55  3
        3432  2           53          54  3
        3520  2           52          53  3
        3608  2           51          52  3
        3696  2           50          51  3
        3784  2           49          50  3
        3872  2           48          49  3
        3960  2           47          48  3
        4048  2           46          47  3
        4136  2           45          46  3
        4224  2           44          45  3
        4312  2           43          44  3
        4400  2           42          43  3
        4488  2           41          42  3
        4576  2           40          41  3
        4664  2           39          40  3
        4752  2           38          39  3
        4840  2           37          38  3
        4928  2           36          37  3
        5016  2           35          36  3
        5104  2           34          35  3
        5192  2           33          34  3
        5280  2           32          33  3
        5368  2           31          32  3
        5456  2           30          31  3
        5544  2           29          30  3
        5632  2           28          29  3
        5720  2           27          28  3
        5808  2           26          27  3
        5896  2           25          26  3
        5984  2           24          25  3
        6072  2           23          24  3
        6160  2           22          23  3
        6248  2           21          22  3
        6336  2           20          21  3
        6424  2           19          20  3
        6512  2           18          19  3
        6600  2           17          18  3
        6688  2           16          17  3
        6776  2           15          16  3
        6864  2           14          15  3
        6952  2           13          14  3
        7040  2           12          13  3
        7128  2           11          12  3
        7216  2           10          11  3
        7304  2            9          10  3
        7392  2            8           9  3
        7480  2            7           8  3
        7568  2            6           7  3
        7656  2            5           6  3
        7744  2            2           5  3
