        1020
           1           3
           2           3
           3           3
           4           1
           5           1
           6           1
           7           1
           8           1
           9           1
          10           1
          11           1
          12           1
          13           1
          14           1
          15           1
          16           1
          17           1
          18           1
          19           1
          20           1
          21           1
          22           1
          23           1
          24           1
          25           1
          26           1
          27           1
          28           1
          29           1
          30           1
          31           1
          32           1
          33           1
          34           1
          35           1
          36           1
          37           1
          38           1
          39           1
          40           1
          41           1
          42           1
          43           1
          44           1
          45           1
          46           1
          47           1
          48           1
          49           1
          50           1
          51           1
          52           1
          53           1
          54           1
          55           1
          56           1
          57           1
          58           1
          59           1
          60           1
          61           1
          62           1
          63           1
          64           1
          65           1
          66           1
          67           1
          68           1
          69           1
          70           1
          71           1
          72           1
          73           1
          74           1
          75           1
          76           1
          77           1
          78           1
          79           1
          80           1
          81           1
          82           1
          83           1
          84           1
          85           1
          86           3
          87           3
          88           3
          89           3
          90           3
          91           3
          92           1
          93           1
          94           1
          95           1
          96           1
          97           1
          98           1
          99           1
         100           1
         101           1
         102           1
         103           1
         104           1
         105           1
         106           1
         107           1
         108           1
         109           1
         110           1
         111           1
         112           1
         113           1
         114           1
         115           1
         116           1
         117           1
         118           1
         119           1
         120           1
         121           1
         122           1
         123           1
         124           1
         125           1
         126           1
         127           1
         128           1
         129           1
         130           1
         131           1
         132           1
         133           1
         134           1
         135           1
         136           1
         137           1
         138           1
         139           1
         140           1
         141           1
         142           1
         143           1
         144           1
         145           1
         146           1
         147           1
         148           1
         149           1
         150           1
         151           1
         152           1
         153           1
         154           1
         155           1
         156           1
         157           1
         158           1
         159           1
         160           1
         161           1
         162           1
         163           1
         164           1
         165           1
         166           1
         167           1
         168           1
         169           1
         170           1
         171           1
         172           1
         173           1
         174           3
         175           3
         176           3
         177           3
         178           3
         179           3
         180           1
         181           1
         182           1
         183           1
         184           1
         185           1
         186           1
         187           1
         188           1
         189           1
         190           1
         191           1
         192           1
         193           1
         194           1
         195           1
         196           1
         197           1
         198           1
         199           1
         200           1
         201           1
         202           1
         203           1
         204           1
         205           1
         206           1
         207           1
         208           1
         209           1
         210           1
         211           1
         212           1
         213           1
         214           1
         215           1
         216           1
         217           1
         218           1
         219           1
         220           1
         221           1
         222           1
         223           1
         224           1
         225           1
         226           1
         227           1
         228           1
         229           1
         230           1
         231           1
         232           1
         233           1
         234           1
         235           1
         236           1
         237           1
         238           1
         239           1
         240           1
         241           1
         242           1
         243           1
         244           1
         245           1
         246           1
         247           1
         248           1
         249           1
         250           1
         251           1
         252           1
         253           1
         254           1
         255           1
         256           1
         257           1
         258           1
         259           1
         260           1
         261           1
         262           3
         263           3
         264           3
         265           2
         266           2
         267           2
         350           2
         351           2
         352           2
         353           2
         354           2
         355           2
         438           2
         439           2
         440           2
         441           2
         442           2
         443           2
         526           2
         527           2
         528           2
         529           2
         530           2
         531           2
         614           2
         615           2
         616           2
         617           2
         618           2
         619           2
         702           2
         703           2
         704           2
         705           2
         706           2
         707           2
         790           2
         791           2
         792           2
         793           2
         794           2
         795           2
         878           2
         879           2
         880           2
         881           2
         882           2
         883           2
         966           2
         967           2
         968           2
         969           2
         970           2
         971           2
        1054           2
        1055           2
        1056           2
        1057           2
        1058           2
        1059           2
        1142           2
        1143           2
        1144           2
        1145           2
        1146           2
        1147           2
        1230           2
        1231           2
        1232           2
        1233           2
        1234           2
        1235           2
        1318           2
        1319           2
        1320           2
        1321           2
        1322           2
        1323           2
        1406           2
        1407           2
        1408           2
        1409           2
        1410           2
        1411           2
        1494           2
        1495           2
        1496           2
        1497           2
        1498           2
        1499           2
        1582           2
        1583           2
        1584           2
        1585           2
        1586           2
        1587           2
        1670           2
        1671           2
        1672           2
        1673           2
        1674           2
        1675           2
        1758           2
        1759           2
        1760           2
        1761           2
        1762           2
        1763           2
        1846           2
        1847           2
        1848           2
        1849           2
        1850           2
        1851           2
        1934           2
        1935           2
        1936           2
        1937           2
        1938           2
        1939           2
        2022           2
        2023           2
        2024           2
        2025           2
        2026           2
        2027           2
        2110           2
        2111           2
        2112           2
        2113           2
        2114           2
        2115           2
        2198           2
        2199           2
        2200           2
        2201           2
        2202           2
        2203           2
        2286           2
        2287           2
        2288           2
        2289           2
        2290           2
        2291           2
        2374           2
        2375           2
        2376           2
        2377           2
        2378           2
        2379           2
        2462           2
        2463           2
        2464           2
        2465           2
        2466           2
        2467           2
        2550           2
        2551           2
        2552           2
        2553           2
        2554           2
        2555           2
        2638           2
        2639           2
        2640           2
        2641           2
        2642           2
        2643           2
        2726           2
        2727           2
        2728           2
        2729           2
        2730           2
        2731           2
        2814           2
        2815           2
        2816           2
        2817           2
        2818           2
        2819           2
        2902           2
        2903           2
        2904           2
        2905           2
        2906           2
        2907           2
        2990           2
        2991           2
        2992           2
        2993           2
        2994           2
        2995           2
        3078           2
        3079           2
        3080           2
        3081           2
        3082           2
        3083           2
        3166           2
        3167           2
        3168           2
        3169           2
        3170           2
        3171           2
        3254           2
        3255           2
        3256           2
        3257           2
        3258           2
        3259           2
        3342           2
        3343           2
        3344           2
        3345           2
        3346           2
        3347           2
        3430           2
        3431           2
        3432           2
        3433           2
        3434           2
        3435           2
        3518           2
        3519           2
        3520           2
        3521           2
        3522           2
        3523           2
        3606           2
        3607           2
        3608           2
        3609           2
        3610           2
        3611           2
        3694           2
        3695           2
        3696           2
        3697           2
        3698           2
        3699           2
        3782           2
        3783           2
        3784           2
        3785           2
        3786           2
        3787           2
        3870           2
        3871           2
        3872           2
        3873           2
        3874           2
        3875           2
        3958           2
        3959           2
        3960           2
        3961           2
        3962           2
        3963           2
        4046           2
        4047           2
        4048           2
        4049           2
        4050           2
        4051           2
        4134           2
        4135           2
        4136           2
        4137           2
        4138           2
        4139           2
        4222           2
        4223           2
        4224           2
        4225           2
        4226           2
        4227           2
        4310           2
        4311           2
        4312           2
        4313           2
        4314           2
        4315           2
        4398           2
        4399           2
        4400           2
        4401           2
        4402           2
        4403           2
        4486           2
        4487           2
        4488           2
        4489           2
        4490           2
        4491           2
        4574           2
        4575           2
        4576           2
        4577           2
        4578           2
        4579           2
        4662           2
        4663           2
        4664           2
        4665           2
        4666           2
        4667           2
        4750           2
        4751           2
        4752           2
        4753           2
        4754           2
        4755           2
        4838           2
        4839           2
        4840           2
        4841           2
        4842           2
        4843           2
        4926           2
        4927           2
        4928           2
        4929           2
        4930           2
        4931           2
        5014           2
        5015           2
        5016           2
        5017           2
        5018           2
        5019           2
        5102           2
        5103           2
        5104           2
        5105           2
        5106           2
        5107           2
        5190           2
        5191           2
        5192           2
        5193           2
        5194           2
        5195           2
        5278           2
        5279           2
        5280           2
        5281           2
        5282           2
        5283           2
        5366           2
        5367           2
        5368           2
        5369           2
        5370           2
        5371           2
        5454           2
        5455           2
        5456           2
        5457           2
        5458           2
        5459           2
        5542           2
        5543           2
        5544           2
        5545           2
        5546           2
        5547           2
        5630           2
        5631           2
        5632           2
        5633           2
        5634           2
        5635           2
        5718           2
        5719           2
        5720           2
        5721           2
        5722           2
        5723           2
        5806           2
        5807           2
        5808           2
        5809           2
        5810           2
        5811           2
        5894           2
        5895           2
        5896           2
        5897           2
        5898           2
        5899           2
        5982           2
        5983           2
        5984           2
        5985           2
        5986           2
        5987           2
        6070           2
        6071           2
        6072           2
        6073           2
        6074           2
        6075           2
        6158           2
        6159           2
        6160           2
        6161           2
        6162           2
        6163           2
        6246           2
        6247           2
        6248           2
        6249           2
        6250           2
        6251           2
        6334           2
        6335           2
        6336           2
        6337           2
        6338           2
        6339           2
        6422           2
        6423           2
        6424           2
        6425           2
        6426           2
        6427           2
        6510           2
        6511           2
        6512           2
        6513           2
        6514           2
        6515           2
        6598           2
        6599           2
        6600           2
        6601           2
        6602           2
        6603           2
        6686           2
        6687           2
        6688           2
        6689           2
        6690           2
        6691           2
        6774           2
        6775           2
        6776           2
        6777           2
        6778           2
        6779           2
        6862           2
        6863           2
        6864           2
        6865           2
        6866           2
        6867           2
        6950           2
        6951           2
        6952           2
        6953           2
        6954           2
        6955           2
        7038           2
        7039           2
        7040           2
        7041           2
        7042           2
        7043           2
        7126           2
        7127           2
        7128           2
        7129           2
        7130           2
        7131           2
        7214           2
        7215           2
        7216           2
        7217           2
        7218           2
        7219           2
        7302           2
        7303           2
        7304           2
        7305           2
        7306           2
        7307           2
        7390           2
        7391           2
        7392           2
        7393           2
        7394           2
        7395           2
        7478           2
        7479           2
        7480           2
        7481           3
        7482           3
        7483           3
        7484           1
        7485           1
        7486           1
        7487           1
        7488           1
        7489           1
        7490           1
        7491           1
        7492           1
        7493           1
        7494           1
        7495           1
        7496           1
        7497           1
        7498           1
        7499           1
        7500           1
        7501           1
        7502           1
        7503           1
        7504           1
        7505           1
        7506           1
        7507           1
        7508           1
        7509           1
        7510           1
        7511           1
        7512           1
        7513           1
        7514           1
        7515           1
        7516           1
        7517           1
        7518           1
        7519           1
        7520           1
        7521           1
        7522           1
        7523           1
        7524           1
        7525           1
        7526           1
        7527           1
        7528           1
        7529           1
        7530           1
        7531           1
        7532           1
        7533           1
        7534           1
        7535           1
        7536           1
        7537           1
        7538           1
        7539           1
        7540           1
        7541           1
        7542           1
        7543           1
        7544           1
        7545           1
        7546           1
        7547           1
        7548           1
        7549           1
        7550           1
        7551           1
        7552           1
        7553           1
        7554           1
        7555           1
        7556           1
        7557           1
        7558           1
        7559           1
        7560           1
        7561           1
        7562           1
        7563           1
        7564           1
        7565           1
        7566           3
        7567           3
        7568           3
        7569           3
        7570           3
        7571           3
        7572           1
        7573           1
        7574           1
        7575           1
        7576           1
        7577           1
        7578           1
        7579           1
        7580           1
        7581           1
        7582           1
        7583           1
        7584           1
        7585           1
        7586           1
        7587           1
        7588           1
        7589           1
        7590           1
        7591           1
        7592           1
        7593           1
        7594           1
        7595           1
        7596           1
        7597           1
        7598           1
        7599           1
        7600           1
        7601           1
        7602           1
        7603           1
        7604           1
        7605           1
        7606           1
        7607           1
        7608           1
        7609           1
        7610           1
        7611           1
        7612           1
        7613           1
        7614           1
        7615           1
        7616           1
        7617           1
        7618           1
        7619           1
        7620           1
        7621           1
        7622           1
        7623           1
        7624           1
        7625           1
        7626           1
        7627           1
        7628           1
        7629           1
        7630           1
        7631           1
        7632           1
        7633           1
        7634           1
        7635           1
        7636           1
        7637           1
        7638           1
        7639           1
        7640           1
        7641           1
        7642           1
        7643           1
        7644           1
        7645           1
        7646           1
        7647           1
        7648           1
        7649           1
        7650           1
        7651           1
        7652           1
        7653           1
        7654           3
        7655           3
        7656           3
        7657           3
        7658           3
        7659           3
        7660           1
        7661           1
        7662           1
        7663           1
        7664           1
        7665           1
        7666           1
        7667           1
        7668           1
        7669           1
        7670           1
        7671           1
        7672           1
        7673           1
        7674           1
        7675           1
        7676           1
        7677           1
        7678           1
        7679           1
        7680           1
        7681           1
        7682           1
        7683           1
        7684           1
        7685           1
        7686           1
        7687           1
        7688           1
        7689           1
        7690           1
        7691           1
        7692           1
        7693           1
        7694           1
        7695           1
        7696           1
        7697           1
        7698           1
        7699           1
        7700           1
        7701           1
        7702           1
        7703           1
        7704           1
        7705           1
        7706           1
        7707           1
        7708           1
        7709           1
        7710           1
        7711           1
        7712           1
        7713           1
        7714           1
        7715           1
        7716           1
        7717           1
        7718           1
        7719           1
        7720           1
        7721           1
        7722           1
        7723           1
        7724           1
        7725           1
        7726           1
        7727           1
        7728           1
        7729           1
        7730           1
        7731           1
        7732           1
        7733           1
        7734           1
        7735           1
        7736           1
        7737           1
        7738           1
        7739           1
        7740           1
        7741           1
        7742           3
        7743           3
        7744           3
